(kicad_pcb (version 20190907) (host pcbnew "5.99.0-unknown-13df645~86~ubuntu18.04.1")

  (general
    (thickness 1.6)
    (drawings 14)
    (tracks 945)
    (modules 82)
    (nets 92)
  )

  (page "A4")
  (layers
    (0 "F.Cu" signal)
    (31 "B.Cu" signal)
    (32 "B.Adhes" user)
    (33 "F.Adhes" user)
    (34 "B.Paste" user)
    (35 "F.Paste" user)
    (36 "B.SilkS" user)
    (37 "F.SilkS" user)
    (38 "B.Mask" user)
    (39 "F.Mask" user)
    (40 "Dwgs.User" user)
    (41 "Cmts.User" user)
    (42 "Eco1.User" user)
    (43 "Eco2.User" user)
    (44 "Edge.Cuts" user)
    (45 "Margin" user)
    (46 "B.CrtYd" user)
    (47 "F.CrtYd" user)
    (48 "B.Fab" user)
    (49 "F.Fab" user)
  )

  (setup
    (stackup
      (layer "F.SilkS" (type "Top Silk Screen"))
      (layer "F.Paste" (type "Top Solder Paste"))
      (layer "F.Mask" (type "Top Solder Mask") (color "Green") (thickness 0.01))
      (layer "F.Cu" (type "copper") (thickness 0.035))
      (layer "dielectric 1" (type "core") (thickness 1.51) (material "FR4") (epsilon_r 4.5) (loss_tangent 0.02))
      (layer "B.Cu" (type "copper") (thickness 0.035))
      (layer "B.Mask" (type "Bottom Solder Mask") (color "Green") (thickness 0.01))
      (layer "B.Paste" (type "Bottom Solder Paste"))
      (layer "B.SilkS" (type "Bottom Silk Screen"))
      (copper_finish "None")
      (dielectric_constraints no)
    )
    (last_trace_width 0.25)
    (user_trace_width 0.2)
    (user_trace_width 0.3)
    (user_trace_width 0.4)
    (user_trace_width 0.5)
    (user_trace_width 0.6)
    (user_trace_width 0.8)
    (trace_clearance 0.2)
    (zone_clearance 0.508)
    (zone_45_only no)
    (trace_min 0.2)
    (via_size 0.8)
    (via_drill 0.4)
    (via_min_size 0.4)
    (via_min_drill 0.3)
    (user_via 0.6 0.3)
    (uvia_size 0.3)
    (uvia_drill 0.1)
    (uvias_allowed no)
    (uvia_min_size 0.2)
    (uvia_min_drill 0.1)
    (max_error 0.005)
    (defaults
      (edge_clearance 0.01)
      (edge_cuts_line_width 0.05)
      (courtyard_line_width 0.05)
      (copper_line_width 0.2)
      (copper_text_dims (size 1.5 1.5) (thickness 0.3))
      (silk_line_width 0.12)
      (silk_text_dims (size 1 1) (thickness 0.15))
      (other_layers_line_width 0.1)
      (other_layers_text_dims (size 1 1) (thickness 0.15))
    )
    (pad_size 1.524 1.524)
    (pad_drill 0.762)
    (pad_to_mask_clearance 0)
    (aux_axis_origin 0 0)
    (visible_elements FFFFFF7F)
    (pcbplotparams
      (layerselection 0x010fc_ffffffff)
      (usegerberextensions false)
      (usegerberattributes false)
      (usegerberadvancedattributes false)
      (creategerberjobfile false)
      (excludeedgelayer true)
      (linewidth 0.100000)
      (plotframeref false)
      (viasonmask false)
      (mode 1)
      (useauxorigin false)
      (hpglpennumber 1)
      (hpglpenspeed 20)
      (hpglpendiameter 15.000000)
      (psnegative false)
      (psa4output false)
      (plotreference true)
      (plotvalue true)
      (plotinvisibletext false)
      (padsonsilk false)
      (subtractmaskfromsilk false)
      (outputformat 1)
      (mirror false)
      (drillshape 1)
      (scaleselection 1)
      (outputdirectory "")
    )
  )

  (net 0 "")
  (net 1 "GND")
  (net 2 "Net-(C1-Pad1)")
  (net 3 "Net-(C2-Pad2)")
  (net 4 "Net-(C3-Pad1)")
  (net 5 "VCC")
  (net 6 "Net-(C6-Pad1)")
  (net 7 "Net-(D1-Pad2)")
  (net 8 "Net-(D2-Pad2)")
  (net 9 "Net-(D3-Pad2)")
  (net 10 "Net-(D4-Pad2)")
  (net 11 "Net-(D5-Pad2)")
  (net 12 "Net-(D6-Pad2)")
  (net 13 "Net-(D7-Pad2)")
  (net 14 "Net-(D8-Pad2)")
  (net 15 "Net-(D9-Pad2)")
  (net 16 "Net-(D10-Pad2)")
  (net 17 "Net-(D11-Pad2)")
  (net 18 "Net-(D12-Pad2)")
  (net 19 "Net-(D13-Pad2)")
  (net 20 "Net-(D14-Pad2)")
  (net 21 "Net-(D15-Pad2)")
  (net 22 "Net-(D16-Pad2)")
  (net 23 "Net-(D17-Pad2)")
  (net 24 "Net-(D18-Pad2)")
  (net 25 "Net-(D19-Pad2)")
  (net 26 "Net-(D20-Pad2)")
  (net 27 "Net-(D21-Pad2)")
  (net 28 "Net-(D22-Pad2)")
  (net 29 "Net-(D23-Pad2)")
  (net 30 "Net-(D24-Pad2)")
  (net 31 "Net-(D25-Pad2)")
  (net 32 "Net-(D26-Pad2)")
  (net 33 "Net-(D27-Pad2)")
  (net 34 "/SWCLK")
  (net 35 "/SWDIO")
  (net 36 "/NRST")
  (net 37 "/LED_1")
  (net 38 "/LED_2")
  (net 39 "/LED_3")
  (net 40 "/LED_4")
  (net 41 "/LED_5")
  (net 42 "/LED_6")
  (net 43 "/LED_7")
  (net 44 "/LED_8")
  (net 45 "/LED_9")
  (net 46 "/LED_10")
  (net 47 "/LED_11")
  (net 48 "/LED_12")
  (net 49 "/LED_13")
  (net 50 "/LED_14")
  (net 51 "/LED_15")
  (net 52 "/LED_16")
  (net 53 "/LED_17")
  (net 54 "/LED_18")
  (net 55 "/LED_19")
  (net 56 "/LED_20")
  (net 57 "/LED_21")
  (net 58 "/LED_22")
  (net 59 "/LED_23")
  (net 60 "/LED_24")
  (net 61 "/LED_25")
  (net 62 "/LED_26")
  (net 63 "Net-(U1-Pad60)")
  (net 64 "Net-(U1-Pad59)")
  (net 65 "Net-(U1-Pad58)")
  (net 66 "Net-(U1-Pad57)")
  (net 67 "Net-(U1-Pad56)")
  (net 68 "Net-(U1-Pad55)")
  (net 69 "Net-(U1-Pad54)")
  (net 70 "Net-(U1-Pad50)")
  (net 71 "Net-(U1-Pad36)")
  (net 72 "Net-(U1-Pad35)")
  (net 73 "Net-(U1-Pad34)")
  (net 74 "Net-(U1-Pad33)")
  (net 75 "/SDA")
  (net 76 "/SCL")
  (net 77 "Net-(U1-Pad28)")
  (net 78 "Net-(U1-Pad27)")
  (net 79 "Net-(U1-Pad26)")
  (net 80 "Net-(U1-Pad4)")
  (net 81 "Net-(U1-Pad3)")
  (net 82 "Net-(U2-Pad11)")
  (net 83 "Net-(U2-Pad10)")
  (net 84 "Net-(U2-Pad3)")
  (net 85 "Net-(U2-Pad2)")
  (net 86 "/BAT+")
  (net 87 "/LED_27")
  (net 88 "Net-(SW1-Pad1)")
  (net 89 "Net-(R28-Pad2)")
  (net 90 "/BMI_INTERRUPT2")
  (net 91 "/BMI_INTERRUPT1")

  (net_class "Default" "This is the default net class."
    (clearance 0.2)
    (trace_width 0.25)
    (via_dia 0.8)
    (via_drill 0.4)
    (uvia_dia 0.3)
    (uvia_drill 0.1)
    (add_net "/BAT+")
    (add_net "/BMI_INTERRUPT1")
    (add_net "/BMI_INTERRUPT2")
    (add_net "/LED_1")
    (add_net "/LED_10")
    (add_net "/LED_11")
    (add_net "/LED_12")
    (add_net "/LED_13")
    (add_net "/LED_14")
    (add_net "/LED_15")
    (add_net "/LED_16")
    (add_net "/LED_17")
    (add_net "/LED_18")
    (add_net "/LED_19")
    (add_net "/LED_2")
    (add_net "/LED_20")
    (add_net "/LED_21")
    (add_net "/LED_22")
    (add_net "/LED_23")
    (add_net "/LED_24")
    (add_net "/LED_25")
    (add_net "/LED_26")
    (add_net "/LED_27")
    (add_net "/LED_3")
    (add_net "/LED_4")
    (add_net "/LED_5")
    (add_net "/LED_6")
    (add_net "/LED_7")
    (add_net "/LED_8")
    (add_net "/LED_9")
    (add_net "/NRST")
    (add_net "/SCL")
    (add_net "/SDA")
    (add_net "/SWCLK")
    (add_net "/SWDIO")
    (add_net "GND")
    (add_net "Net-(C1-Pad1)")
    (add_net "Net-(C2-Pad2)")
    (add_net "Net-(C3-Pad1)")
    (add_net "Net-(C6-Pad1)")
    (add_net "Net-(D1-Pad2)")
    (add_net "Net-(D10-Pad2)")
    (add_net "Net-(D11-Pad2)")
    (add_net "Net-(D12-Pad2)")
    (add_net "Net-(D13-Pad2)")
    (add_net "Net-(D14-Pad2)")
    (add_net "Net-(D15-Pad2)")
    (add_net "Net-(D16-Pad2)")
    (add_net "Net-(D17-Pad2)")
    (add_net "Net-(D18-Pad2)")
    (add_net "Net-(D19-Pad2)")
    (add_net "Net-(D2-Pad2)")
    (add_net "Net-(D20-Pad2)")
    (add_net "Net-(D21-Pad2)")
    (add_net "Net-(D22-Pad2)")
    (add_net "Net-(D23-Pad2)")
    (add_net "Net-(D24-Pad2)")
    (add_net "Net-(D25-Pad2)")
    (add_net "Net-(D26-Pad2)")
    (add_net "Net-(D27-Pad2)")
    (add_net "Net-(D3-Pad2)")
    (add_net "Net-(D4-Pad2)")
    (add_net "Net-(D5-Pad2)")
    (add_net "Net-(D6-Pad2)")
    (add_net "Net-(D7-Pad2)")
    (add_net "Net-(D8-Pad2)")
    (add_net "Net-(D9-Pad2)")
    (add_net "Net-(R28-Pad2)")
    (add_net "Net-(SW1-Pad1)")
    (add_net "Net-(U1-Pad26)")
    (add_net "Net-(U1-Pad27)")
    (add_net "Net-(U1-Pad28)")
    (add_net "Net-(U1-Pad3)")
    (add_net "Net-(U1-Pad33)")
    (add_net "Net-(U1-Pad34)")
    (add_net "Net-(U1-Pad35)")
    (add_net "Net-(U1-Pad36)")
    (add_net "Net-(U1-Pad4)")
    (add_net "Net-(U1-Pad50)")
    (add_net "Net-(U1-Pad54)")
    (add_net "Net-(U1-Pad55)")
    (add_net "Net-(U1-Pad56)")
    (add_net "Net-(U1-Pad57)")
    (add_net "Net-(U1-Pad58)")
    (add_net "Net-(U1-Pad59)")
    (add_net "Net-(U1-Pad60)")
    (add_net "Net-(U2-Pad10)")
    (add_net "Net-(U2-Pad11)")
    (add_net "Net-(U2-Pad2)")
    (add_net "Net-(U2-Pad3)")
    (add_net "VCC")
  )

  (module "Capacitor_SMD:C_0603_1608Metric" (layer "B.Cu") (tedit 5B301BBE) (tstamp 5DEC8937)
    (at 179.71 91.55)
    (descr "Capacitor SMD 0603 (1608 Metric), square (rectangular) end terminal, IPC_7351 nominal, (Body size source: http://www.tortai-tech.com/upload/download/2011102023233369053.pdf), generated with kicad-footprint-generator")
    (tags "capacitor")
    (path "/5DF185D2")
    (attr smd)
    (fp_text reference "C14" (at 0 1.43) (layer "B.SilkS")
      (effects (font (size 1 1) (thickness 0.15)) (justify mirror))
    )
    (fp_text value "100n" (at 0 -1.43) (layer "B.Fab")
      (effects (font (size 1 1) (thickness 0.15)) (justify mirror))
    )
    (fp_line (start -0.8 -0.4) (end -0.8 0.4) (layer "B.Fab") (width 0.1))
    (fp_line (start -0.8 0.4) (end 0.8 0.4) (layer "B.Fab") (width 0.1))
    (fp_line (start 0.8 0.4) (end 0.8 -0.4) (layer "B.Fab") (width 0.1))
    (fp_line (start 0.8 -0.4) (end -0.8 -0.4) (layer "B.Fab") (width 0.1))
    (fp_line (start -0.162779 0.51) (end 0.162779 0.51) (layer "B.SilkS") (width 0.12))
    (fp_line (start -0.162779 -0.51) (end 0.162779 -0.51) (layer "B.SilkS") (width 0.12))
    (fp_line (start -1.48 -0.73) (end -1.48 0.73) (layer "B.CrtYd") (width 0.05))
    (fp_line (start -1.48 0.73) (end 1.48 0.73) (layer "B.CrtYd") (width 0.05))
    (fp_line (start 1.48 0.73) (end 1.48 -0.73) (layer "B.CrtYd") (width 0.05))
    (fp_line (start 1.48 -0.73) (end -1.48 -0.73) (layer "B.CrtYd") (width 0.05))
    (fp_text user "%R" (at 0 0) (layer "B.Fab")
      (effects (font (size 0.4 0.4) (thickness 0.06)) (justify mirror))
    )
    (pad "2" smd roundrect (at 0.7875 0) (size 0.875 0.95) (layers "B.Cu" "B.Paste" "B.Mask") (roundrect_rratio 0.25)
      (net 1 "GND"))
    (pad "1" smd roundrect (at -0.7875 0) (size 0.875 0.95) (layers "B.Cu" "B.Paste" "B.Mask") (roundrect_rratio 0.25)
      (net 36 "/NRST"))
    (model "${KISYS3DMOD}/Capacitor_SMD.3dshapes/C_0603_1608Metric.wrl"
      (at (xyz 0 0 0))
      (scale (xyz 1 1 1))
      (rotate (xyz 0 0 0))
    )
  )

  (module "MountingHole:MountingHole_2.5mm" (layer "F.Cu") (tedit 56D1B4CB) (tstamp 5DEC327D)
    (at 189.95 87.45)
    (descr "Mounting Hole 2.5mm, no annular")
    (tags "mounting hole 2.5mm no annular")
    (path "/5DF15EB2")
    (attr virtual)
    (fp_text reference "H1" (at 0 -3.5) (layer "F.SilkS") hide
      (effects (font (size 1 1) (thickness 0.15)))
    )
    (fp_text value "ATTCH" (at 0 3.5) (layer "F.Fab")
      (effects (font (size 1 1) (thickness 0.15)))
    )
    (fp_circle (center 0 0) (end 2.75 0) (layer "F.CrtYd") (width 0.05))
    (fp_circle (center 0 0) (end 2.5 0) (layer "Cmts.User") (width 0.15))
    (fp_text user "%R" (at 0.3 0) (layer "F.Fab")
      (effects (font (size 1 1) (thickness 0.15)))
    )
    (pad "1" np_thru_hole circle (at 0 0) (size 2.5 2.5) (drill 2.5) (layers *.Cu *.Mask))
  )

  (module "Resistor_SMD:R_0603_1608Metric" (layer "F.Cu") (tedit 5B301BBD) (tstamp 5DEB14A1)
    (at 188.22 107.89 180)
    (descr "Resistor SMD 0603 (1608 Metric), square (rectangular) end terminal, IPC_7351 nominal, (Body size source: http://www.tortai-tech.com/upload/download/2011102023233369053.pdf), generated with kicad-footprint-generator")
    (tags "resistor")
    (path "/5DF10184")
    (attr smd)
    (fp_text reference "R30" (at 0 -1.43) (layer "F.SilkS") hide
      (effects (font (size 1 1) (thickness 0.15)))
    )
    (fp_text value "10k" (at 0 1.43) (layer "F.Fab")
      (effects (font (size 1 1) (thickness 0.15)))
    )
    (fp_text user "%R" (at 0 0) (layer "F.Fab")
      (effects (font (size 0.4 0.4) (thickness 0.06)))
    )
    (fp_line (start 1.48 0.73) (end -1.48 0.73) (layer "F.CrtYd") (width 0.05))
    (fp_line (start 1.48 -0.73) (end 1.48 0.73) (layer "F.CrtYd") (width 0.05))
    (fp_line (start -1.48 -0.73) (end 1.48 -0.73) (layer "F.CrtYd") (width 0.05))
    (fp_line (start -1.48 0.73) (end -1.48 -0.73) (layer "F.CrtYd") (width 0.05))
    (fp_line (start -0.162779 0.51) (end 0.162779 0.51) (layer "F.SilkS") (width 0.12))
    (fp_line (start -0.162779 -0.51) (end 0.162779 -0.51) (layer "F.SilkS") (width 0.12))
    (fp_line (start 0.8 0.4) (end -0.8 0.4) (layer "F.Fab") (width 0.1))
    (fp_line (start 0.8 -0.4) (end 0.8 0.4) (layer "F.Fab") (width 0.1))
    (fp_line (start -0.8 -0.4) (end 0.8 -0.4) (layer "F.Fab") (width 0.1))
    (fp_line (start -0.8 0.4) (end -0.8 -0.4) (layer "F.Fab") (width 0.1))
    (pad "2" smd roundrect (at 0.7875 0 180) (size 0.875 0.95) (layers "F.Cu" "F.Paste" "F.Mask") (roundrect_rratio 0.25)
      (net 5 "VCC"))
    (pad "1" smd roundrect (at -0.7875 0 180) (size 0.875 0.95) (layers "F.Cu" "F.Paste" "F.Mask") (roundrect_rratio 0.25)
      (net 75 "/SDA"))
    (model "${KISYS3DMOD}/Resistor_SMD.3dshapes/R_0603_1608Metric.wrl"
      (at (xyz 0 0 0))
      (scale (xyz 1 1 1))
      (rotate (xyz 0 0 0))
    )
  )

  (module "Resistor_SMD:R_0603_1608Metric" (layer "F.Cu") (tedit 5B301BBD) (tstamp 5DEB1490)
    (at 191.3 107.89)
    (descr "Resistor SMD 0603 (1608 Metric), square (rectangular) end terminal, IPC_7351 nominal, (Body size source: http://www.tortai-tech.com/upload/download/2011102023233369053.pdf), generated with kicad-footprint-generator")
    (tags "resistor")
    (path "/5DF0F345")
    (attr smd)
    (fp_text reference "R29" (at 0 -1.43) (layer "F.SilkS") hide
      (effects (font (size 1 1) (thickness 0.15)))
    )
    (fp_text value "10k" (at 0 1.43) (layer "F.Fab")
      (effects (font (size 1 1) (thickness 0.15)))
    )
    (fp_text user "%R" (at 0 0) (layer "F.Fab")
      (effects (font (size 0.4 0.4) (thickness 0.06)))
    )
    (fp_line (start 1.48 0.73) (end -1.48 0.73) (layer "F.CrtYd") (width 0.05))
    (fp_line (start 1.48 -0.73) (end 1.48 0.73) (layer "F.CrtYd") (width 0.05))
    (fp_line (start -1.48 -0.73) (end 1.48 -0.73) (layer "F.CrtYd") (width 0.05))
    (fp_line (start -1.48 0.73) (end -1.48 -0.73) (layer "F.CrtYd") (width 0.05))
    (fp_line (start -0.162779 0.51) (end 0.162779 0.51) (layer "F.SilkS") (width 0.12))
    (fp_line (start -0.162779 -0.51) (end 0.162779 -0.51) (layer "F.SilkS") (width 0.12))
    (fp_line (start 0.8 0.4) (end -0.8 0.4) (layer "F.Fab") (width 0.1))
    (fp_line (start 0.8 -0.4) (end 0.8 0.4) (layer "F.Fab") (width 0.1))
    (fp_line (start -0.8 -0.4) (end 0.8 -0.4) (layer "F.Fab") (width 0.1))
    (fp_line (start -0.8 0.4) (end -0.8 -0.4) (layer "F.Fab") (width 0.1))
    (pad "2" smd roundrect (at 0.7875 0) (size 0.875 0.95) (layers "F.Cu" "F.Paste" "F.Mask") (roundrect_rratio 0.25)
      (net 5 "VCC"))
    (pad "1" smd roundrect (at -0.7875 0) (size 0.875 0.95) (layers "F.Cu" "F.Paste" "F.Mask") (roundrect_rratio 0.25)
      (net 76 "/SCL"))
    (model "${KISYS3DMOD}/Resistor_SMD.3dshapes/R_0603_1608Metric.wrl"
      (at (xyz 0 0 0))
      (scale (xyz 1 1 1))
      (rotate (xyz 0 0 0))
    )
  )

  (module "Resistor_SMD:R_0603_1608Metric" (layer "F.Cu") (tedit 5B301BBD) (tstamp 5DEAFA67)
    (at 182.24 91.9 -90)
    (descr "Resistor SMD 0603 (1608 Metric), square (rectangular) end terminal, IPC_7351 nominal, (Body size source: http://www.tortai-tech.com/upload/download/2011102023233369053.pdf), generated with kicad-footprint-generator")
    (tags "resistor")
    (path "/5DF02EB8")
    (attr smd)
    (fp_text reference "R28" (at 0 -1.43 90) (layer "F.SilkS") hide
      (effects (font (size 1 1) (thickness 0.15)))
    )
    (fp_text value "0R" (at 0 1.43 90) (layer "F.Fab")
      (effects (font (size 1 1) (thickness 0.15)))
    )
    (fp_text user "%R" (at 0 0 90) (layer "F.Fab")
      (effects (font (size 0.4 0.4) (thickness 0.06)))
    )
    (fp_line (start 1.48 0.73) (end -1.48 0.73) (layer "F.CrtYd") (width 0.05))
    (fp_line (start 1.48 -0.73) (end 1.48 0.73) (layer "F.CrtYd") (width 0.05))
    (fp_line (start -1.48 -0.73) (end 1.48 -0.73) (layer "F.CrtYd") (width 0.05))
    (fp_line (start -1.48 0.73) (end -1.48 -0.73) (layer "F.CrtYd") (width 0.05))
    (fp_line (start -0.162779 0.51) (end 0.162779 0.51) (layer "F.SilkS") (width 0.12))
    (fp_line (start -0.162779 -0.51) (end 0.162779 -0.51) (layer "F.SilkS") (width 0.12))
    (fp_line (start 0.8 0.4) (end -0.8 0.4) (layer "F.Fab") (width 0.1))
    (fp_line (start 0.8 -0.4) (end 0.8 0.4) (layer "F.Fab") (width 0.1))
    (fp_line (start -0.8 -0.4) (end 0.8 -0.4) (layer "F.Fab") (width 0.1))
    (fp_line (start -0.8 0.4) (end -0.8 -0.4) (layer "F.Fab") (width 0.1))
    (pad "2" smd roundrect (at 0.7875 0 270) (size 0.875 0.95) (layers "F.Cu" "F.Paste" "F.Mask") (roundrect_rratio 0.25)
      (net 89 "Net-(R28-Pad2)"))
    (pad "1" smd roundrect (at -0.7875 0 270) (size 0.875 0.95) (layers "F.Cu" "F.Paste" "F.Mask") (roundrect_rratio 0.25)
      (net 5 "VCC"))
    (model "${KISYS3DMOD}/Resistor_SMD.3dshapes/R_0603_1608Metric.wrl"
      (at (xyz 0 0 0))
      (scale (xyz 1 1 1))
      (rotate (xyz 0 0 0))
    )
  )

  (module "Capacitor_SMD:C_0603_1608Metric" (layer "B.Cu") (tedit 5B301BBE) (tstamp 5DEAF26A)
    (at 208.93 93.29)
    (descr "Capacitor SMD 0603 (1608 Metric), square (rectangular) end terminal, IPC_7351 nominal, (Body size source: http://www.tortai-tech.com/upload/download/2011102023233369053.pdf), generated with kicad-footprint-generator")
    (tags "capacitor")
    (path "/5DF0B995")
    (attr smd)
    (fp_text reference "C13" (at 0 1.43) (layer "B.SilkS")
      (effects (font (size 1 1) (thickness 0.15)) (justify mirror))
    )
    (fp_text value "2.2u" (at 0 -1.43) (layer "B.Fab")
      (effects (font (size 1 1) (thickness 0.15)) (justify mirror))
    )
    (fp_text user "%R" (at 0 0) (layer "B.Fab")
      (effects (font (size 0.4 0.4) (thickness 0.06)) (justify mirror))
    )
    (fp_line (start 1.48 -0.73) (end -1.48 -0.73) (layer "B.CrtYd") (width 0.05))
    (fp_line (start 1.48 0.73) (end 1.48 -0.73) (layer "B.CrtYd") (width 0.05))
    (fp_line (start -1.48 0.73) (end 1.48 0.73) (layer "B.CrtYd") (width 0.05))
    (fp_line (start -1.48 -0.73) (end -1.48 0.73) (layer "B.CrtYd") (width 0.05))
    (fp_line (start -0.162779 -0.51) (end 0.162779 -0.51) (layer "B.SilkS") (width 0.12))
    (fp_line (start -0.162779 0.51) (end 0.162779 0.51) (layer "B.SilkS") (width 0.12))
    (fp_line (start 0.8 -0.4) (end -0.8 -0.4) (layer "B.Fab") (width 0.1))
    (fp_line (start 0.8 0.4) (end 0.8 -0.4) (layer "B.Fab") (width 0.1))
    (fp_line (start -0.8 0.4) (end 0.8 0.4) (layer "B.Fab") (width 0.1))
    (fp_line (start -0.8 -0.4) (end -0.8 0.4) (layer "B.Fab") (width 0.1))
    (pad "2" smd roundrect (at 0.7875 0) (size 0.875 0.95) (layers "B.Cu" "B.Paste" "B.Mask") (roundrect_rratio 0.25)
      (net 1 "GND"))
    (pad "1" smd roundrect (at -0.7875 0) (size 0.875 0.95) (layers "B.Cu" "B.Paste" "B.Mask") (roundrect_rratio 0.25)
      (net 5 "VCC"))
    (model "${KISYS3DMOD}/Capacitor_SMD.3dshapes/C_0603_1608Metric.wrl"
      (at (xyz 0 0 0))
      (scale (xyz 1 1 1))
      (rotate (xyz 0 0 0))
    )
  )

  (module "Capacitor_SMD:C_0603_1608Metric" (layer "B.Cu") (tedit 5B301BBE) (tstamp 5DEAF259)
    (at 208.93 95.68)
    (descr "Capacitor SMD 0603 (1608 Metric), square (rectangular) end terminal, IPC_7351 nominal, (Body size source: http://www.tortai-tech.com/upload/download/2011102023233369053.pdf), generated with kicad-footprint-generator")
    (tags "capacitor")
    (path "/5DF0925E")
    (attr smd)
    (fp_text reference "C12" (at 0 1.43) (layer "B.SilkS")
      (effects (font (size 1 1) (thickness 0.15)) (justify mirror))
    )
    (fp_text value "2.2u" (at 0 -1.43) (layer "B.Fab")
      (effects (font (size 1 1) (thickness 0.15)) (justify mirror))
    )
    (fp_text user "%R" (at 0 0) (layer "B.Fab")
      (effects (font (size 0.4 0.4) (thickness 0.06)) (justify mirror))
    )
    (fp_line (start 1.48 -0.73) (end -1.48 -0.73) (layer "B.CrtYd") (width 0.05))
    (fp_line (start 1.48 0.73) (end 1.48 -0.73) (layer "B.CrtYd") (width 0.05))
    (fp_line (start -1.48 0.73) (end 1.48 0.73) (layer "B.CrtYd") (width 0.05))
    (fp_line (start -1.48 -0.73) (end -1.48 0.73) (layer "B.CrtYd") (width 0.05))
    (fp_line (start -0.162779 -0.51) (end 0.162779 -0.51) (layer "B.SilkS") (width 0.12))
    (fp_line (start -0.162779 0.51) (end 0.162779 0.51) (layer "B.SilkS") (width 0.12))
    (fp_line (start 0.8 -0.4) (end -0.8 -0.4) (layer "B.Fab") (width 0.1))
    (fp_line (start 0.8 0.4) (end 0.8 -0.4) (layer "B.Fab") (width 0.1))
    (fp_line (start -0.8 0.4) (end 0.8 0.4) (layer "B.Fab") (width 0.1))
    (fp_line (start -0.8 -0.4) (end -0.8 0.4) (layer "B.Fab") (width 0.1))
    (pad "2" smd roundrect (at 0.7875 0) (size 0.875 0.95) (layers "B.Cu" "B.Paste" "B.Mask") (roundrect_rratio 0.25)
      (net 1 "GND"))
    (pad "1" smd roundrect (at -0.7875 0) (size 0.875 0.95) (layers "B.Cu" "B.Paste" "B.Mask") (roundrect_rratio 0.25)
      (net 5 "VCC"))
    (model "${KISYS3DMOD}/Capacitor_SMD.3dshapes/C_0603_1608Metric.wrl"
      (at (xyz 0 0 0))
      (scale (xyz 1 1 1))
      (rotate (xyz 0 0 0))
    )
  )

  (module "Capacitor_SMD:C_0603_1608Metric" (layer "F.Cu") (tedit 5B301BBE) (tstamp 5DEAFD76)
    (at 197.89 95.53 -90)
    (descr "Capacitor SMD 0603 (1608 Metric), square (rectangular) end terminal, IPC_7351 nominal, (Body size source: http://www.tortai-tech.com/upload/download/2011102023233369053.pdf), generated with kicad-footprint-generator")
    (tags "capacitor")
    (path "/5DE9B5D0")
    (attr smd)
    (fp_text reference "C1" (at 0 -1.43 90) (layer "F.SilkS") hide
      (effects (font (size 1 1) (thickness 0.15)))
    )
    (fp_text value "2.2u" (at 0 1.43 90) (layer "F.Fab")
      (effects (font (size 1 1) (thickness 0.15)))
    )
    (fp_text user "%R" (at 0 0 90) (layer "F.Fab")
      (effects (font (size 0.4 0.4) (thickness 0.06)))
    )
    (fp_line (start 1.48 0.73) (end -1.48 0.73) (layer "F.CrtYd") (width 0.05))
    (fp_line (start 1.48 -0.73) (end 1.48 0.73) (layer "F.CrtYd") (width 0.05))
    (fp_line (start -1.48 -0.73) (end 1.48 -0.73) (layer "F.CrtYd") (width 0.05))
    (fp_line (start -1.48 0.73) (end -1.48 -0.73) (layer "F.CrtYd") (width 0.05))
    (fp_line (start -0.162779 0.51) (end 0.162779 0.51) (layer "F.SilkS") (width 0.12))
    (fp_line (start -0.162779 -0.51) (end 0.162779 -0.51) (layer "F.SilkS") (width 0.12))
    (fp_line (start 0.8 0.4) (end -0.8 0.4) (layer "F.Fab") (width 0.1))
    (fp_line (start 0.8 -0.4) (end 0.8 0.4) (layer "F.Fab") (width 0.1))
    (fp_line (start -0.8 -0.4) (end 0.8 -0.4) (layer "F.Fab") (width 0.1))
    (fp_line (start -0.8 0.4) (end -0.8 -0.4) (layer "F.Fab") (width 0.1))
    (pad "2" smd roundrect (at 0.7875 0 270) (size 0.875 0.95) (layers "F.Cu" "F.Paste" "F.Mask") (roundrect_rratio 0.25)
      (net 1 "GND"))
    (pad "1" smd roundrect (at -0.7875 0 270) (size 0.875 0.95) (layers "F.Cu" "F.Paste" "F.Mask") (roundrect_rratio 0.25)
      (net 2 "Net-(C1-Pad1)"))
    (model "${KISYS3DMOD}/Capacitor_SMD.3dshapes/C_0603_1608Metric.wrl"
      (at (xyz 0 0 0))
      (scale (xyz 1 1 1))
      (rotate (xyz 0 0 0))
    )
  )

  (module "Button_Switch_SMD:SW_SPDT_PCM12" (layer "B.Cu") (tedit 5A02FC95) (tstamp 5DEAA379)
    (at 205.63 88.57)
    (descr "Ultraminiature Surface Mount Slide Switch, right-angle, https://www.ckswitches.com/media/1424/pcm.pdf")
    (path "/5DEF5B48")
    (attr smd)
    (fp_text reference "SW1" (at 0 3.2 180) (layer "B.SilkS") hide
      (effects (font (size 1 1) (thickness 0.15)) (justify mirror))
    )
    (fp_text value "SW_SPDT" (at 0 -4.25 180) (layer "B.Fab")
      (effects (font (size 1 1) (thickness 0.15)) (justify mirror))
    )
    (fp_line (start 3.45 -0.72) (end 3.45 0.07) (layer "B.SilkS") (width 0.12))
    (fp_line (start -3.45 0.07) (end -3.45 -0.72) (layer "B.SilkS") (width 0.12))
    (fp_line (start -1.6 1.12) (end 0.1 1.12) (layer "B.SilkS") (width 0.12))
    (fp_line (start -2.85 -1.73) (end 2.85 -1.73) (layer "B.SilkS") (width 0.12))
    (fp_line (start -0.1 -3.02) (end -0.1 -1.73) (layer "B.SilkS") (width 0.12))
    (fp_line (start -1.2 -3.23) (end -0.3 -3.23) (layer "B.SilkS") (width 0.12))
    (fp_line (start -1.4 -1.73) (end -1.4 -3.02) (layer "B.SilkS") (width 0.12))
    (fp_line (start -0.1 -3.02) (end -0.3 -3.23) (layer "B.SilkS") (width 0.12))
    (fp_line (start -1.4 -3.02) (end -1.2 -3.23) (layer "B.SilkS") (width 0.12))
    (fp_line (start -4.4 -2.1) (end -4.4 2.45) (layer "B.CrtYd") (width 0.05))
    (fp_line (start -1.65 -2.1) (end -4.4 -2.1) (layer "B.CrtYd") (width 0.05))
    (fp_line (start -1.65 -3.4) (end -1.65 -2.1) (layer "B.CrtYd") (width 0.05))
    (fp_line (start 1.65 -3.4) (end -1.65 -3.4) (layer "B.CrtYd") (width 0.05))
    (fp_line (start 1.65 -2.1) (end 1.65 -3.4) (layer "B.CrtYd") (width 0.05))
    (fp_line (start 4.4 -2.1) (end 1.65 -2.1) (layer "B.CrtYd") (width 0.05))
    (fp_line (start 4.4 2.45) (end 4.4 -2.1) (layer "B.CrtYd") (width 0.05))
    (fp_line (start -4.4 2.45) (end 4.4 2.45) (layer "B.CrtYd") (width 0.05))
    (fp_line (start 1.4 1.12) (end 1.6 1.12) (layer "B.SilkS") (width 0.12))
    (fp_line (start 3.35 1) (end -3.35 1) (layer "B.Fab") (width 0.1))
    (fp_line (start 3.35 -1.6) (end 3.35 1) (layer "B.Fab") (width 0.1))
    (fp_line (start -3.35 -1.6) (end 3.35 -1.6) (layer "B.Fab") (width 0.1))
    (fp_line (start -3.35 1) (end -3.35 -1.6) (layer "B.Fab") (width 0.1))
    (fp_line (start -0.1 -2.9) (end -0.1 -1.6) (layer "B.Fab") (width 0.1))
    (fp_line (start -0.15 -2.95) (end -0.1 -2.9) (layer "B.Fab") (width 0.1))
    (fp_line (start -0.35 -3.15) (end -0.15 -2.95) (layer "B.Fab") (width 0.1))
    (fp_line (start -1.2 -3.15) (end -0.35 -3.15) (layer "B.Fab") (width 0.1))
    (fp_line (start -1.4 -2.95) (end -1.2 -3.15) (layer "B.Fab") (width 0.1))
    (fp_line (start -1.4 -1.65) (end -1.4 -2.95) (layer "B.Fab") (width 0.1))
    (fp_text user "%R" (at 0 3.2 180) (layer "B.Fab")
      (effects (font (size 1 1) (thickness 0.15)) (justify mirror))
    )
    (pad "" smd rect (at -3.65 0.78) (size 1 0.8) (layers "B.Cu" "B.Paste" "B.Mask"))
    (pad "" smd rect (at 3.65 0.78) (size 1 0.8) (layers "B.Cu" "B.Paste" "B.Mask"))
    (pad "" smd rect (at 3.65 -1.43) (size 1 0.8) (layers "B.Cu" "B.Paste" "B.Mask"))
    (pad "" smd rect (at -3.65 -1.43) (size 1 0.8) (layers "B.Cu" "B.Paste" "B.Mask"))
    (pad "3" smd rect (at 2.25 1.43) (size 0.7 1.5) (layers "B.Cu" "B.Paste" "B.Mask")
      (net 5 "VCC"))
    (pad "2" smd rect (at 0.75 1.43) (size 0.7 1.5) (layers "B.Cu" "B.Paste" "B.Mask")
      (net 86 "/BAT+"))
    (pad "1" smd rect (at -2.25 1.43) (size 0.7 1.5) (layers "B.Cu" "B.Paste" "B.Mask")
      (net 88 "Net-(SW1-Pad1)"))
    (pad "" np_thru_hole circle (at 1.5 -0.33) (size 0.9 0.9) (drill 0.9) (layers *.Cu *.Mask))
    (pad "" np_thru_hole circle (at -1.5 -0.33) (size 0.9 0.9) (drill 0.9) (layers *.Cu *.Mask))
    (model "${KISYS3DMOD}/Button_Switch_SMD.3dshapes/SW_SPDT_PCM12.wrl"
      (at (xyz 0 0 0))
      (scale (xyz 1 1 1))
      (rotate (xyz 0 0 0))
    )
  )

  (module "Crystal:Crystal_SMD_5032-4Pin_5.0x3.2mm" (layer "F.Cu") (tedit 5A0FD1B2) (tstamp 5DEB37A7)
    (at 179.66 96.56 -90)
    (descr "SMD Crystal SERIES SMD2520/4 http://www.icbase.com/File/PDF/HKC/HKC00061008.pdf, 5.0x3.2mm^2 package")
    (tags "SMD SMT crystal")
    (path "/5DEAAB24")
    (attr smd)
    (fp_text reference "Y1" (at 0 -2.8 90) (layer "F.SilkS") hide
      (effects (font (size 1 1) (thickness 0.15)))
    )
    (fp_text value "8MHz" (at 0 2.8 90) (layer "F.Fab")
      (effects (font (size 1 1) (thickness 0.15)))
    )
    (fp_line (start 2.8 -1.9) (end -2.8 -1.9) (layer "F.CrtYd") (width 0.05))
    (fp_line (start 2.8 1.9) (end 2.8 -1.9) (layer "F.CrtYd") (width 0.05))
    (fp_line (start -2.8 1.9) (end 2.8 1.9) (layer "F.CrtYd") (width 0.05))
    (fp_line (start -2.8 -1.9) (end -2.8 1.9) (layer "F.CrtYd") (width 0.05))
    (fp_line (start -2.65 1.85) (end 2.65 1.85) (layer "F.SilkS") (width 0.12))
    (fp_line (start -2.65 -1.85) (end -2.65 1.85) (layer "F.SilkS") (width 0.12))
    (fp_line (start -2.5 0.6) (end -1.5 1.6) (layer "F.Fab") (width 0.1))
    (fp_line (start -2.5 -1.4) (end -2.3 -1.6) (layer "F.Fab") (width 0.1))
    (fp_line (start -2.5 1.4) (end -2.5 -1.4) (layer "F.Fab") (width 0.1))
    (fp_line (start -2.3 1.6) (end -2.5 1.4) (layer "F.Fab") (width 0.1))
    (fp_line (start 2.3 1.6) (end -2.3 1.6) (layer "F.Fab") (width 0.1))
    (fp_line (start 2.5 1.4) (end 2.3 1.6) (layer "F.Fab") (width 0.1))
    (fp_line (start 2.5 -1.4) (end 2.5 1.4) (layer "F.Fab") (width 0.1))
    (fp_line (start 2.3 -1.6) (end 2.5 -1.4) (layer "F.Fab") (width 0.1))
    (fp_line (start -2.3 -1.6) (end 2.3 -1.6) (layer "F.Fab") (width 0.1))
    (fp_text user "%R" (at 0 0 90) (layer "F.Fab")
      (effects (font (size 1 1) (thickness 0.15)))
    )
    (pad "4" smd rect (at -1.65 -1 270) (size 1.6 1.3) (layers "F.Cu" "F.Paste" "F.Mask")
      (net 1 "GND"))
    (pad "3" smd rect (at 1.65 -1 270) (size 1.6 1.3) (layers "F.Cu" "F.Paste" "F.Mask")
      (net 6 "Net-(C6-Pad1)"))
    (pad "2" smd rect (at 1.65 1 270) (size 1.6 1.3) (layers "F.Cu" "F.Paste" "F.Mask")
      (net 1 "GND"))
    (pad "1" smd rect (at -1.65 1 270) (size 1.6 1.3) (layers "F.Cu" "F.Paste" "F.Mask")
      (net 3 "Net-(C2-Pad2)"))
    (model "${KISYS3DMOD}/Crystal.3dshapes/Crystal_SMD_5032-4Pin_5.0x3.2mm.wrl"
      (at (xyz 0 0 0))
      (scale (xyz 1 1 1))
      (rotate (xyz 0 0 0))
    )
  )

  (module "Package_LGA:Bosch_LGA-14_3x2.5mm_P0.5mm" (layer "F.Cu") (tedit 5A02F217) (tstamp 5DE86A9A)
    (at 189.2 112.66)
    (descr "LGA-14 Bosch https://ae-bst.resource.bosch.com/media/_tech/media/datasheets/BST-BMI160-DS000-07.pdf")
    (tags "lga land grid array")
    (path "/5DEA2F1D")
    (attr smd)
    (fp_text reference "U2" (at 0 -2.5) (layer "F.SilkS") hide
      (effects (font (size 1 1) (thickness 0.15)))
    )
    (fp_text value "BMI160" (at 0 2.5) (layer "F.Fab")
      (effects (font (size 1 1) (thickness 0.15)))
    )
    (fp_line (start -1.85 1.6) (end -1.85 -1.6) (layer "F.CrtYd") (width 0.05))
    (fp_line (start 1.85 1.6) (end -1.85 1.6) (layer "F.CrtYd") (width 0.05))
    (fp_line (start 1.85 -1.6) (end 1.85 1.6) (layer "F.CrtYd") (width 0.05))
    (fp_line (start -1.85 -1.6) (end 1.85 -1.6) (layer "F.CrtYd") (width 0.05))
    (fp_line (start -1.5 1.25) (end -1.5 -0.5) (layer "F.Fab") (width 0.1))
    (fp_line (start 1.5 1.25) (end -1.5 1.25) (layer "F.Fab") (width 0.1))
    (fp_line (start 1.5 -1.25) (end 1.5 1.25) (layer "F.Fab") (width 0.1))
    (fp_line (start -0.75 -1.25) (end 1.5 -1.25) (layer "F.Fab") (width 0.1))
    (fp_line (start -0.75 -1.25) (end -1.5 -0.5) (layer "F.Fab") (width 0.1))
    (fp_text user "%R" (at 0 0) (layer "F.Fab")
      (effects (font (size 0.5 0.5) (thickness 0.075)))
    )
    (fp_line (start 1.6 -1.35) (end 1.6 -1.13) (layer "F.SilkS") (width 0.1))
    (fp_line (start 0.88 -1.35) (end 1.6 -1.35) (layer "F.SilkS") (width 0.1))
    (fp_line (start 1.6 1.35) (end 0.88 1.35) (layer "F.SilkS") (width 0.1))
    (fp_line (start 1.6 1.13) (end 1.6 1.35) (layer "F.SilkS") (width 0.1))
    (fp_line (start -1.6 1.35) (end -1.6 1.13) (layer "F.SilkS") (width 0.1))
    (fp_line (start -1.6 1.35) (end -0.88 1.35) (layer "F.SilkS") (width 0.1))
    (fp_line (start -1.7 -1.35) (end -0.88 -1.35) (layer "F.SilkS") (width 0.1))
    (pad "11" smd rect (at 1.2625 -0.75) (size 0.675 0.25) (layers "F.Cu" "F.Paste" "F.Mask")
      (net 82 "Net-(U2-Pad11)"))
    (pad "10" smd rect (at 1.2625 -0.25) (size 0.675 0.25) (layers "F.Cu" "F.Paste" "F.Mask")
      (net 83 "Net-(U2-Pad10)"))
    (pad "9" smd rect (at 1.2625 0.25) (size 0.675 0.25) (layers "F.Cu" "F.Paste" "F.Mask")
      (net 90 "/BMI_INTERRUPT2"))
    (pad "8" smd rect (at 1.2625 0.75) (size 0.675 0.25) (layers "F.Cu" "F.Paste" "F.Mask")
      (net 5 "VCC"))
    (pad "4" smd rect (at -1.2625 0.75) (size 0.675 0.25) (layers "F.Cu" "F.Paste" "F.Mask")
      (net 91 "/BMI_INTERRUPT1"))
    (pad "3" smd rect (at -1.2625 0.25) (size 0.675 0.25) (layers "F.Cu" "F.Paste" "F.Mask")
      (net 84 "Net-(U2-Pad3)"))
    (pad "2" smd rect (at -1.2625 -0.25) (size 0.675 0.25) (layers "F.Cu" "F.Paste" "F.Mask")
      (net 85 "Net-(U2-Pad2)"))
    (pad "1" smd rect (at -1.2625 -0.75) (size 0.675 0.25) (layers "F.Cu" "F.Paste" "F.Mask")
      (net 1 "GND"))
    (pad "7" smd rect (at 0.5 1.0125) (size 0.25 0.675) (layers "F.Cu" "F.Paste" "F.Mask")
      (net 1 "GND"))
    (pad "6" smd rect (at 0 1.0125) (size 0.25 0.675) (layers "F.Cu" "F.Paste" "F.Mask")
      (net 1 "GND"))
    (pad "5" smd rect (at -0.5 1.0125) (size 0.25 0.675) (layers "F.Cu" "F.Paste" "F.Mask")
      (net 5 "VCC"))
    (pad "12" smd rect (at 0.5 -1.0125) (size 0.25 0.675) (layers "F.Cu" "F.Paste" "F.Mask")
      (net 5 "VCC"))
    (pad "14" smd rect (at -0.5 -1.0125) (size 0.25 0.675) (layers "F.Cu" "F.Paste" "F.Mask")
      (net 75 "/SDA"))
    (pad "13" smd rect (at 0 -1.0125) (size 0.25 0.675) (layers "F.Cu" "F.Paste" "F.Mask")
      (net 76 "/SCL"))
    (model "${KISYS3DMOD}/Package_LGA.3dshapes/Bosch_LGA-14_3x2.5mm_P0.5mm.wrl"
      (at (xyz 0 0 0))
      (scale (xyz 1 1 1))
      (rotate (xyz 0 0 0))
    )
  )

  (module "Package_QFP:LQFP-64_10x10mm_P0.5mm" (layer "F.Cu") (tedit 5D9F72AF) (tstamp 5DE86A77)
    (at 189.71 98.2)
    (descr "LQFP, 64 Pin (https://www.analog.com/media/en/technical-documentation/data-sheets/ad7606_7606-6_7606-4.pdf), generated with kicad-footprint-generator ipc_gullwing_generator.py")
    (tags "LQFP QFP")
    (path "/5DE820A6")
    (attr smd)
    (fp_text reference "U1" (at 0 -7.4) (layer "F.SilkS") hide
      (effects (font (size 1 1) (thickness 0.15)))
    )
    (fp_text value "STM32F40X_LQFP64" (at 0 7.4) (layer "F.Fab")
      (effects (font (size 1 1) (thickness 0.15)))
    )
    (fp_text user "%R" (at 0 0) (layer "F.Fab")
      (effects (font (size 1 1) (thickness 0.15)))
    )
    (fp_line (start 6.7 4.15) (end 6.7 0) (layer "F.CrtYd") (width 0.05))
    (fp_line (start 5.25 4.15) (end 6.7 4.15) (layer "F.CrtYd") (width 0.05))
    (fp_line (start 5.25 5.25) (end 5.25 4.15) (layer "F.CrtYd") (width 0.05))
    (fp_line (start 4.15 5.25) (end 5.25 5.25) (layer "F.CrtYd") (width 0.05))
    (fp_line (start 4.15 6.7) (end 4.15 5.25) (layer "F.CrtYd") (width 0.05))
    (fp_line (start 0 6.7) (end 4.15 6.7) (layer "F.CrtYd") (width 0.05))
    (fp_line (start -6.7 4.15) (end -6.7 0) (layer "F.CrtYd") (width 0.05))
    (fp_line (start -5.25 4.15) (end -6.7 4.15) (layer "F.CrtYd") (width 0.05))
    (fp_line (start -5.25 5.25) (end -5.25 4.15) (layer "F.CrtYd") (width 0.05))
    (fp_line (start -4.15 5.25) (end -5.25 5.25) (layer "F.CrtYd") (width 0.05))
    (fp_line (start -4.15 6.7) (end -4.15 5.25) (layer "F.CrtYd") (width 0.05))
    (fp_line (start 0 6.7) (end -4.15 6.7) (layer "F.CrtYd") (width 0.05))
    (fp_line (start 6.7 -4.15) (end 6.7 0) (layer "F.CrtYd") (width 0.05))
    (fp_line (start 5.25 -4.15) (end 6.7 -4.15) (layer "F.CrtYd") (width 0.05))
    (fp_line (start 5.25 -5.25) (end 5.25 -4.15) (layer "F.CrtYd") (width 0.05))
    (fp_line (start 4.15 -5.25) (end 5.25 -5.25) (layer "F.CrtYd") (width 0.05))
    (fp_line (start 4.15 -6.7) (end 4.15 -5.25) (layer "F.CrtYd") (width 0.05))
    (fp_line (start 0 -6.7) (end 4.15 -6.7) (layer "F.CrtYd") (width 0.05))
    (fp_line (start -6.7 -4.15) (end -6.7 0) (layer "F.CrtYd") (width 0.05))
    (fp_line (start -5.25 -4.15) (end -6.7 -4.15) (layer "F.CrtYd") (width 0.05))
    (fp_line (start -5.25 -5.25) (end -5.25 -4.15) (layer "F.CrtYd") (width 0.05))
    (fp_line (start -4.15 -5.25) (end -5.25 -5.25) (layer "F.CrtYd") (width 0.05))
    (fp_line (start -4.15 -6.7) (end -4.15 -5.25) (layer "F.CrtYd") (width 0.05))
    (fp_line (start 0 -6.7) (end -4.15 -6.7) (layer "F.CrtYd") (width 0.05))
    (fp_line (start -5 -4) (end -4 -5) (layer "F.Fab") (width 0.1))
    (fp_line (start -5 5) (end -5 -4) (layer "F.Fab") (width 0.1))
    (fp_line (start 5 5) (end -5 5) (layer "F.Fab") (width 0.1))
    (fp_line (start 5 -5) (end 5 5) (layer "F.Fab") (width 0.1))
    (fp_line (start -4 -5) (end 5 -5) (layer "F.Fab") (width 0.1))
    (fp_line (start -5.11 -4.16) (end -6.45 -4.16) (layer "F.SilkS") (width 0.12))
    (fp_line (start -5.11 -5.11) (end -5.11 -4.16) (layer "F.SilkS") (width 0.12))
    (fp_line (start -4.16 -5.11) (end -5.11 -5.11) (layer "F.SilkS") (width 0.12))
    (fp_line (start 5.11 -5.11) (end 5.11 -4.16) (layer "F.SilkS") (width 0.12))
    (fp_line (start 4.16 -5.11) (end 5.11 -5.11) (layer "F.SilkS") (width 0.12))
    (fp_line (start -5.11 5.11) (end -5.11 4.16) (layer "F.SilkS") (width 0.12))
    (fp_line (start -4.16 5.11) (end -5.11 5.11) (layer "F.SilkS") (width 0.12))
    (fp_line (start 5.11 5.11) (end 5.11 4.16) (layer "F.SilkS") (width 0.12))
    (fp_line (start 4.16 5.11) (end 5.11 5.11) (layer "F.SilkS") (width 0.12))
    (pad "64" smd roundrect (at -3.75 -5.675) (size 0.3 1.55) (layers "F.Cu" "F.Paste" "F.Mask") (roundrect_rratio 0.25)
      (net 5 "VCC"))
    (pad "63" smd roundrect (at -3.25 -5.675) (size 0.3 1.55) (layers "F.Cu" "F.Paste" "F.Mask") (roundrect_rratio 0.25)
      (net 1 "GND"))
    (pad "62" smd roundrect (at -2.75 -5.675) (size 0.3 1.55) (layers "F.Cu" "F.Paste" "F.Mask") (roundrect_rratio 0.25)
      (net 90 "/BMI_INTERRUPT2"))
    (pad "61" smd roundrect (at -2.25 -5.675) (size 0.3 1.55) (layers "F.Cu" "F.Paste" "F.Mask") (roundrect_rratio 0.25)
      (net 91 "/BMI_INTERRUPT1"))
    (pad "60" smd roundrect (at -1.75 -5.675) (size 0.3 1.55) (layers "F.Cu" "F.Paste" "F.Mask") (roundrect_rratio 0.25)
      (net 63 "Net-(U1-Pad60)"))
    (pad "59" smd roundrect (at -1.25 -5.675) (size 0.3 1.55) (layers "F.Cu" "F.Paste" "F.Mask") (roundrect_rratio 0.25)
      (net 64 "Net-(U1-Pad59)"))
    (pad "58" smd roundrect (at -0.75 -5.675) (size 0.3 1.55) (layers "F.Cu" "F.Paste" "F.Mask") (roundrect_rratio 0.25)
      (net 65 "Net-(U1-Pad58)"))
    (pad "57" smd roundrect (at -0.25 -5.675) (size 0.3 1.55) (layers "F.Cu" "F.Paste" "F.Mask") (roundrect_rratio 0.25)
      (net 66 "Net-(U1-Pad57)"))
    (pad "56" smd roundrect (at 0.25 -5.675) (size 0.3 1.55) (layers "F.Cu" "F.Paste" "F.Mask") (roundrect_rratio 0.25)
      (net 67 "Net-(U1-Pad56)"))
    (pad "55" smd roundrect (at 0.75 -5.675) (size 0.3 1.55) (layers "F.Cu" "F.Paste" "F.Mask") (roundrect_rratio 0.25)
      (net 68 "Net-(U1-Pad55)"))
    (pad "54" smd roundrect (at 1.25 -5.675) (size 0.3 1.55) (layers "F.Cu" "F.Paste" "F.Mask") (roundrect_rratio 0.25)
      (net 69 "Net-(U1-Pad54)"))
    (pad "53" smd roundrect (at 1.75 -5.675) (size 0.3 1.55) (layers "F.Cu" "F.Paste" "F.Mask") (roundrect_rratio 0.25)
      (net 62 "/LED_26"))
    (pad "52" smd roundrect (at 2.25 -5.675) (size 0.3 1.55) (layers "F.Cu" "F.Paste" "F.Mask") (roundrect_rratio 0.25)
      (net 61 "/LED_25"))
    (pad "51" smd roundrect (at 2.75 -5.675) (size 0.3 1.55) (layers "F.Cu" "F.Paste" "F.Mask") (roundrect_rratio 0.25)
      (net 60 "/LED_24"))
    (pad "50" smd roundrect (at 3.25 -5.675) (size 0.3 1.55) (layers "F.Cu" "F.Paste" "F.Mask") (roundrect_rratio 0.25)
      (net 70 "Net-(U1-Pad50)"))
    (pad "49" smd roundrect (at 3.75 -5.675) (size 0.3 1.55) (layers "F.Cu" "F.Paste" "F.Mask") (roundrect_rratio 0.25)
      (net 34 "/SWCLK"))
    (pad "48" smd roundrect (at 5.675 -3.75) (size 1.55 0.3) (layers "F.Cu" "F.Paste" "F.Mask") (roundrect_rratio 0.25)
      (net 5 "VCC"))
    (pad "47" smd roundrect (at 5.675 -3.25) (size 1.55 0.3) (layers "F.Cu" "F.Paste" "F.Mask") (roundrect_rratio 0.25)
      (net 2 "Net-(C1-Pad1)"))
    (pad "46" smd roundrect (at 5.675 -2.75) (size 1.55 0.3) (layers "F.Cu" "F.Paste" "F.Mask") (roundrect_rratio 0.25)
      (net 35 "/SWDIO"))
    (pad "45" smd roundrect (at 5.675 -2.25) (size 1.55 0.3) (layers "F.Cu" "F.Paste" "F.Mask") (roundrect_rratio 0.25)
      (net 49 "/LED_13"))
    (pad "44" smd roundrect (at 5.675 -1.75) (size 1.55 0.3) (layers "F.Cu" "F.Paste" "F.Mask") (roundrect_rratio 0.25)
      (net 48 "/LED_12"))
